[gd_scene load_steps=27 format=2]

[ext_resource path="res://characters/enemies/raw_assets/reptilemonster/reptilemonster.glb" type="PackedScene" id=1]
[ext_resource path="res://characters/HitBox.tscn" type="PackedScene" id=2]
[ext_resource path="res://characters/enemies/Monster.gd" type="Script" id=3]
[ext_resource path="res://characters/HealthManager.tscn" type="PackedScene" id=4]
[ext_resource path="res://characters/CharacterMover.tscn" type="PackedScene" id=5]
[ext_resource path="res://weapons/FireballSpawner.tscn" type="PackedScene" id=6]
[ext_resource path="res://characters/enemies/AimAtObject.gd" type="Script" id=7]
[ext_resource path="res://sfx/monster2_hurt2.wav" type="AudioStream" id=8]
[ext_resource path="res://sfx/monster2_attack.wav" type="AudioStream" id=9]
[ext_resource path="res://sfx/monster2_death2.wav" type="AudioStream" id=10]
[ext_resource path="res://sfx/RandomSounds.gd" type="Script" id=11]
[ext_resource path="res://sfx/monster2_attack2.wav" type="AudioStream" id=12]
[ext_resource path="res://sfx/monster2_attck3.wav" type="AudioStream" id=13]
[ext_resource path="res://sfx/monster2_hurt1.wav" type="AudioStream" id=14]
[ext_resource path="res://sfx/monster2_death.wav" type="AudioStream" id=15]
[ext_resource path="res://sfx/monster2_hurt3.wav" type="AudioStream" id=16]

[sub_resource type="CapsuleShape" id=1]
radius = 0.5

[sub_resource type="CapsuleShape" id=2]
radius = 0.0606234
height = 0.406789

[sub_resource type="CapsuleShape" id=3]
radius = 0.0441284
height = 0.371419

[sub_resource type="CapsuleShape" id=4]
radius = 0.0783194
height = 0.353342

[sub_resource type="CapsuleShape" id=5]
radius = 0.0386953
height = 0.446684

[sub_resource type="BoxShape" id=6]
extents = Vector3( 0.903488, 0.877877, 0.895419 )

[sub_resource type="BoxShape" id=7]
extents = Vector3( 1.0423, 0.985796, 1.65504 )

[sub_resource type="BoxShape" id=8]
extents = Vector3( 0.927978, 0.832661, 0.409581 )

[sub_resource type="BoxShape" id=9]
extents = Vector3( 1.44186, 0.931782, 1.41964 )

[sub_resource type="BoxShape" id=10]
extents = Vector3( 0.869659, 3.0212, 0.925678 )

[node name="ReptileMonster" type="KinematicBody"]
collision_layer = 2
collision_mask = 3
script = ExtResource( 3 )
attack_range = 100.0

[node name="CollisionShape" type="CollisionShape" parent="."]
transform = Transform( 1, 0, 0, 0, -1.62921e-07, -1, 0, 1, -1.62921e-07, 0, 1, 0 )
shape = SubResource( 1 )

[node name="Graphics" parent="." instance=ExtResource( 1 )]

[node name="ArmUL" type="BoneAttachment" parent="Graphics/Armature/Skeleton" index="1"]
transform = Transform( -0.768204, 0.639068, -0.0381404, -0.634004, -0.767684, -0.0932756, -0.0888892, -0.0474735, 0.994909, 0.218738, 1.59086, 0.0117653 )
bone_name = "upper_arml"

[node name="HitBox" parent="Graphics/Armature/Skeleton/ArmUL" instance=ExtResource( 2 )]

[node name="CollisionShape" type="CollisionShape" parent="Graphics/Armature/Skeleton/ArmUL/HitBox"]
transform = Transform( 1, -4.47035e-08, -4.79631e-08, 2.14204e-08, -7.82311e-08, -1, 5.96046e-08, 1, -4.5076e-07, 0.00464749, 0.106846, 0.0115212 )
shape = SubResource( 2 )

[node name="ArmLL" type="BoneAttachment" parent="Graphics/Armature/Skeleton" index="2"]
transform = Transform( -0.859372, 0.371408, -0.351477, -0.506519, -0.712558, 0.48549, -0.0701327, 0.595246, 0.800477, 0.43137, 1.33543, -0.00403016 )
bone_name = "lower_arml"

[node name="HitBox" parent="Graphics/Armature/Skeleton/ArmLL" instance=ExtResource( 2 )]

[node name="CollisionShape" type="CollisionShape" parent="Graphics/Armature/Skeleton/ArmLL/HitBox"]
transform = Transform( 1, 1.75089e-07, -1.9744e-07, -6.33299e-08, -1.78814e-07, -1, 1.86265e-08, 1, -4.76837e-07, -0.0102646, 0.251012, 6.25849e-07 )
shape = SubResource( 3 )

[node name="ArmUR" type="BoneAttachment" parent="Graphics/Armature/Skeleton" index="3"]
transform = Transform( -0.768204, -0.639068, 0.0381405, 0.634004, -0.767684, -0.0932756, 0.0888892, -0.0474735, 0.994909, -0.218738, 1.59086, 0.0117653 )
bone_name = "upper_armr"

[node name="HitBox" parent="Graphics/Armature/Skeleton/ArmUR" instance=ExtResource( 2 )]

[node name="CollisionShape" type="CollisionShape" parent="Graphics/Armature/Skeleton/ArmUR/HitBox"]
transform = Transform( 1, -4.47035e-08, -4.79631e-08, 2.14204e-08, -7.82311e-08, -1, 5.96046e-08, 1, -4.5076e-07, 0.00464749, 0.106846, 0.0115212 )
shape = SubResource( 2 )

[node name="ArmLR" type="BoneAttachment" parent="Graphics/Armature/Skeleton" index="4"]
transform = Transform( -0.859371, -0.371408, 0.351477, 0.506519, -0.712557, 0.48549, 0.0701327, 0.595246, 0.800477, -0.43137, 1.33543, -0.00403017 )
bone_name = "lower_armr"

[node name="HitBox" parent="Graphics/Armature/Skeleton/ArmLR" instance=ExtResource( 2 )]

[node name="CollisionShape" type="CollisionShape" parent="Graphics/Armature/Skeleton/ArmLR/HitBox"]
transform = Transform( 1, 1.75089e-07, -1.9744e-07, -6.33299e-08, -1.78814e-07, -1, 1.86265e-08, 1, -4.76837e-07, -0.0102646, 0.251012, 6.25849e-07 )
shape = SubResource( 3 )

[node name="LegUL" type="BoneAttachment" parent="Graphics/Armature/Skeleton" index="5"]
transform = Transform( -0.974353, 0.104194, 0.199444, -0.0552489, -0.969979, 0.236828, 0.218133, 0.219736, 0.950858, 0.123436, 0.961497, 1.56462e-07 )
bone_name = "upper_legl"

[node name="HitBox" parent="Graphics/Armature/Skeleton/LegUL" instance=ExtResource( 2 )]

[node name="CollisionShape" type="CollisionShape" parent="Graphics/Armature/Skeleton/LegUL/HitBox"]
transform = Transform( 0.997236, 2.98023e-08, 0.0742998, 0.0742998, 0, -0.997236, 1.19209e-07, 1, 8.9407e-08, 0.0139934, 0.19436, 9.23872e-07 )
shape = SubResource( 4 )

[node name="LegUR" type="BoneAttachment" parent="Graphics/Armature/Skeleton" index="6"]
transform = Transform( -0.974353, -0.104195, -0.199445, 0.0552499, -0.969979, 0.236828, -0.218134, 0.219736, 0.950857, -0.123436, 0.961497, 1.56462e-07 )
bone_name = "upper_legr"

[node name="HitBox" parent="Graphics/Armature/Skeleton/LegUR" instance=ExtResource( 2 )]

[node name="CollisionShape" type="CollisionShape" parent="Graphics/Armature/Skeleton/LegUR/HitBox"]
transform = Transform( 0.997236, 2.98023e-08, 0.0742998, 0.0742998, 0, -0.997236, 1.19209e-07, 1, 8.9407e-08, 0.0139934, 0.19436, 9.23872e-07 )
shape = SubResource( 4 )

[node name="LegLR" type="BoneAttachment" parent="Graphics/Armature/Skeleton" index="7"]
transform = Transform( -0.978013, 0.0485482, -0.202811, -0.0195284, -0.989572, -0.14271, -0.207625, -0.13561, 0.968761, -0.175064, 0.48088, 0.108877 )
bone_name = "lowerlegr"

[node name="HitBox" parent="Graphics/Armature/Skeleton/LegLR" instance=ExtResource( 2 )]

[node name="CollisionShape" type="CollisionShape" parent="Graphics/Armature/Skeleton/LegLR/HitBox"]
transform = Transform( 0.999404, -0.0318196, -0.0134037, -0.0126518, 0.0236636, -0.999639, 0.0321261, 0.999213, 0.0232471, -0.00994978, 0.289341, 0.000324301 )
shape = SubResource( 5 )

[node name="LegLL" type="BoneAttachment" parent="Graphics/Armature/Skeleton" index="8"]
transform = Transform( -0.978013, -0.0485491, 0.20281, 0.0195293, -0.989571, -0.14271, 0.207624, -0.135611, 0.968761, 0.175063, 0.48088, 0.108877 )
bone_name = "lowerlegl"

[node name="HitBox" parent="Graphics/Armature/Skeleton/LegLL" instance=ExtResource( 2 )]

[node name="CollisionShape" type="CollisionShape" parent="Graphics/Armature/Skeleton/LegLL/HitBox"]
transform = Transform( 0.999404, -0.0318196, -0.0134037, -0.0126518, 0.0236636, -0.999639, 0.0321261, 0.999213, 0.0232471, -0.00994978, 0.289341, 0.000324301 )
shape = SubResource( 5 )

[node name="Hip" type="BoneAttachment" parent="Graphics/Armature/Skeleton" index="9"]
transform = Transform( 1, 0, 0, 0, 0.978673, -0.205425, 0, 0.205425, 0.978673, 2.84689e-18, 0.948998, -0.0952436 )
bone_name = "hip"

[node name="HitBox" parent="Graphics/Armature/Skeleton/Hip" instance=ExtResource( 2 )]

[node name="CollisionShape" type="CollisionShape" parent="Graphics/Armature/Skeleton/Hip/HitBox"]
transform = Transform( 0.136096, -0.0043331, -0.00182527, -0.00172288, 0.00322244, -0.136128, 0.00437484, 0.13607, 0.00316573, -0.0137302, 0.143203, 0.0603773 )
shape = SubResource( 6 )

[node name="Body" type="BoneAttachment" parent="Graphics/Armature/Skeleton" index="10"]
transform = Transform( 1, 1.77636e-15, -2.38419e-07, -2.5024e-08, 0.994477, -0.104958, 2.37102e-07, 0.104958, 0.994477, 2.84689e-18, 1.20205, -0.042127 )
bone_name = "body"

[node name="HitBox" parent="Graphics/Armature/Skeleton/Body" instance=ExtResource( 2 )]

[node name="CollisionShape" type="CollisionShape" parent="Graphics/Armature/Skeleton/Body/HitBox"]
transform = Transform( 0.136096, -0.00433308, -0.00182527, -0.00172288, 0.00322242, -0.136128, 0.00437485, 0.13607, 0.00316572, -0.0120225, 0.246437, 0.0479099 )
shape = SubResource( 7 )

[node name="CollisionShape3" type="CollisionShape" parent="Graphics/Armature/Skeleton/Body/HitBox"]
transform = Transform( 0.136096, -0.00433308, -0.00182527, -0.00172288, 0.00322242, -0.136128, 0.00437485, 0.13607, 0.00316572, -0.00216465, 0.537195, 0.0295762 )
shape = SubResource( 8 )

[node name="CollisionShape2" type="CollisionShape" parent="Graphics/Armature/Skeleton/Body/HitBox"]
transform = Transform( 0.136096, -0.00433308, -0.00182527, -0.00172288, 0.00322242, -0.136128, 0.00437485, 0.13607, 0.00316572, -0.00535662, 0.053856, 0.227192 )
shape = SubResource( 9 )

[node name="HitBox2" parent="Graphics/Armature/Skeleton/Body" instance=ExtResource( 2 )]
transform = Transform( 1, -5.96046e-08, -2.98023e-08, 1.49012e-08, 1, 0, -1.42109e-14, 0, 1, 0, 0, 0 )
is_weak_spot = true

[node name="CollisionShape" type="CollisionShape" parent="Graphics/Armature/Skeleton/Body/HitBox2"]
transform = Transform( 0.0962591, 0.00323, -0.000511492, 0.000208724, -0.0211019, -0.0939744, -0.00326357, 0.0939192, -0.0210967, 0.00174664, 0.630596, 0.232972 )
shape = SubResource( 10 )

[node name="AnimationPlayer" parent="Graphics" index="1"]
autoplay = "idle_loop"

[node name="HealthManager" parent="." instance=ExtResource( 4 )]
transform = Transform( 1, 0, 0, 0, 1, 0, 0, 0, 1, 0, 1.26141, 0 )
max_health = 60

[node name="CharacterMover" parent="." instance=ExtResource( 5 )]
move_acceleration = 2
max_speed = 10
should_ignore_rotation = true

[node name="AimAtObject" type="Spatial" parent="."]
transform = Transform( 1, 0, 0, 0, 1, 0, 0, 0, 1, 0, 1, 0.306833 )
script = ExtResource( 7 )

[node name="FireballSpawner" parent="AimAtObject" instance=ExtResource( 6 )]
transform = Transform( -1, 0, -3.25841e-07, 0, 1, 0, 3.25841e-07, 0, -1, 0, 0, 0 )

[node name="HurtSounds" type="Spatial" parent="."]
transform = Transform( -1, 0, 3.25841e-07, 0, 1, 0, -3.25841e-07, 0, -1, 0, 1, 0 )
script = ExtResource( 11 )

[node name="Hurt1" type="AudioStreamPlayer3D" parent="HurtSounds"]
stream = ExtResource( 14 )
unit_db = 3.0
bus = "sfx"

[node name="Hurt2" type="AudioStreamPlayer3D" parent="HurtSounds"]
stream = ExtResource( 8 )
unit_db = 3.0
bus = "sfx"

[node name="Hurt3" type="AudioStreamPlayer3D" parent="HurtSounds"]
stream = ExtResource( 16 )
unit_db = 3.0
bus = "sfx"

[node name="DeathSounds" type="Spatial" parent="."]
transform = Transform( -1, 0, 3.25841e-07, 0, 1, 0, -3.25841e-07, 0, -1, 0, 1, 0 )
script = ExtResource( 11 )

[node name="Death1" type="AudioStreamPlayer3D" parent="DeathSounds"]
stream = ExtResource( 15 )
unit_db = 3.0
bus = "sfx"

[node name="Death2" type="AudioStreamPlayer3D" parent="DeathSounds"]
stream = ExtResource( 10 )
unit_db = 3.0
bus = "sfx"

[node name="AttackSounds" type="Spatial" parent="."]
transform = Transform( -1, 0, 3.25841e-07, 0, 1, 0, -3.25841e-07, 0, -1, 0, 1, 0 )
script = ExtResource( 11 )

[node name="Attack1" type="AudioStreamPlayer3D" parent="AttackSounds"]
stream = ExtResource( 9 )
unit_db = 3.0
bus = "sfx"

[node name="Attack2" type="AudioStreamPlayer3D" parent="AttackSounds"]
stream = ExtResource( 12 )
unit_db = 3.0
bus = "sfx"

[node name="Attack3" type="AudioStreamPlayer3D" parent="AttackSounds"]
stream = ExtResource( 13 )
unit_db = 3.0
bus = "sfx"
[connection signal="attack" from="." to="AttackSounds" method="play"]
[connection signal="dead" from="HealthManager" to="DeathSounds" method="play"]
[connection signal="hurt" from="HealthManager" to="HurtSounds" method="play"]

[editable path="Graphics"]
